0.0	0.4020655	0.1818982	0.6189904	0.5217162	0.4907231	0.2905775	0.1509204	0.6901824	0.6501443	0.6842189
50.0	0.4363248	0.4364323	0.5115797	0.4931074	0.5003681	0.2749598	0.1640983	0.6480961	0.7957320	0.3211695
100.0	0.5828226	0.5233391	0.4819272	0.4526215	0.4978291	0.1448605	0.1015871	0.5970290	0.6764022	0.1299197
150.0	0.6472253	0.6454854	0.5107856	0.4962337	0.4083757	0.1917342	0.0491273	0.3936219	0.6647488	0.2335280
200.0	0.6362089	0.5814366	0.4733529	0.4302699	0.6299167	0.1826084	0.0729222	0.2550730	0.6578963	0.1916066
250.0	0.6022782	0.5196272	0.4462199	0.3760071	0.5568129	0.1847347	0.1195612	0.2460792	0.6638962	0.2069549
300.0	0.6640869	0.5466201	0.4724140	0.3441481	0.6189872	0.1333799	0.1056122	0.2576001	0.8637592	0.1535240
350.0	0.6082777	0.7454475	0.4626535	0.3849470	0.5323968	0.1684435	0.1185463	0.3332697	0.8719448	0.1613596
400.0	0.6949220	0.6393925	0.4377361	0.3608998	0.5494333	0.1807243	0.1433115	0.3101953	0.6377243	0.1392038
450.0	0.5554758	0.6271707	0.4323363	0.2593039	0.5337823	0.1398250	0.0836002	0.3174771	0.5832099	0.1652428
500.0	0.6427312	0.6399890	0.3751413	0.2882510	0.6600863	0.1610797	0.0683721	0.2588839	0.6815485	0.2651667
550.0	0.7209177	0.3935922	0.2971343	0.3559519	0.6559882	0.1435763	0.0673398	0.1771854	0.7487243	0.4918322
600.0	0.6811499	0.3072718	0.4542771	0.3337868	0.5134281	0.1728621	0.1486704	0.3835530	0.7432864	0.7008279
650.0	0.5057724	0.3200690	0.4902672	0.3732963	0.6068543	0.1610699	0.2126799	0.4128781	0.8034022	0.7195646
700.0	0.4758828	0.3504601	0.4490175	0.5230997	0.5385776	0.2162442	0.2289655	0.5734423	0.6037372	0.6801855
750.0	0.3295142	0.4000239	0.4233258	0.5132245	0.6039315	0.2789384	0.2524047	0.6674105	0.6157359	0.6945970
800.0	0.2799174	0.3567722	0.4578248	0.4706359	0.5911219	0.1785243	0.1855295	0.6880692	0.6823212	0.8389318
850.0	0.4496409	0.3463174	0.4825112	0.5488616	0.6686194	0.2328851	0.1574845	0.6822880	0.7425262	0.6488367
900.0	0.5717160	0.3304000	0.5422595	0.6823640	0.6660581	0.1885172	0.1935270	0.6272281	0.6415955	0.7877264
950.0	0.3877785	0.2983178	0.4800826	0.5200443	0.5825919	0.2637640	0.1850370	0.6834992	0.7856939	0.7201087
1000.0	0.4553750	0.3371620	0.5122658	0.6288586	0.4563972	0.2798345	0.3016499	0.5481010	0.6896785	0.7397151
0.0	0.4581611	0.2257035	0.5626084	0.5234461	0.4962692	0.3031174	0.2297570	0.6937642	0.7460558	0.6489106
50.0	0.3749804	0.1721153	0.3779921	0.3989029	0.4138714	0.1349825	0.2571892	0.6084279	0.7336594	0.5937868
100.0	0.4217418	0.2384267	0.3972574	0.5146982	0.4189727	0.0893447	0.2273830	0.6244499	0.7659092	0.6869227
150.0	0.3366430	0.2992705	0.3740627	0.5049794	0.5962357	0.0909483	0.2299888	0.6724150	0.7115874	0.7537252
200.0	0.2499014	0.3582564	0.3941415	0.4978376	0.6006902	0.1002908	0.2538753	0.6930115	0.7071899	0.6633972
250.0	0.2737234	0.4352257	0.2725459	0.5161045	0.4959349	0.0883061	0.3817230	0.6135368	0.6027426	0.7013935
300.0	0.3325111	0.4282875	0.3225791	0.4419823	0.5796291	0.1042859	0.3229573	0.7681530	0.7497043	0.6814064
350.0	0.2122354	0.4921822	0.2389849	0.6026499	0.7224540	0.0801769	0.3879428	0.6951728	0.5696459	0.6763535
400.0	0.1498301	0.4574921	0.2301799	0.6688797	0.7690576	0.0294109	0.3922417	0.5447963	0.6707433	0.7088690
450.0	0.2451247	0.5030642	0.1774251	0.4694016	0.6797393	0.0170679	0.4389081	0.6046885	0.7396351	0.7300632
500.0	0.1701566	0.5530817	0.1984740	0.6564297	0.6200624	0.0579434	0.5170096	0.6446692	0.7463829	0.5746864
550.0	0.1086425	0.4626247	0.2174790	0.5202765	0.6869670	0.1380456	0.4354429	0.7599951	0.7368369	0.7024002
600.0	0.1909836	0.3918228	0.3880867	0.5220788	0.7381672	0.1903453	0.3714182	0.7588362	0.7034884	0.6360046
650.0	0.1836008	0.4716362	0.3491348	0.5374820	0.7540388	0.1410568	0.2478276	0.7727969	0.8335992	0.6718710
700.0	0.2205513	0.5283563	0.4071833	0.5485259	0.6729827	0.2159573	0.2313885	0.8180960	0.7380908	0.6705129
750.0	0.3259909	0.4032020	0.3845650	0.6340910	0.7063365	0.1807786	0.2902479	0.7499797	0.7315655	0.7873828
800.0	0.3083667	0.3713634	0.3793938	0.5282505	0.5062751	0.1494583	0.1860490	0.7989865	0.6865393	0.6934347
850.0	0.3643856	0.3314487	0.3834731	0.5992643	0.6167971	0.1835932	0.2234273	0.5304807	0.7531501	0.6597792
900.0	0.3780011	0.3031741	0.4258793	0.5594313	0.5836278	0.2000035	0.1898287	0.7054883	0.6671898	0.7317269
950.0	0.3038731	0.3467816	0.4046684	0.5530428	0.6355353	0.2463763	0.2271572	0.6526798	0.5798259	0.7199275
1000.0	0.3204307	0.4023279	0.4886274	0.4825685	0.7114000	0.1695935	0.2147251	0.7761787	0.6494364	0.7639298
0.0	0.3753814	0.2731395	0.4924589	0.5504108	0.5528336	0.2497045	0.2031089	0.7187899	0.7414678	0.6080243
50.0	0.4128723	0.4108260	0.6834427	0.5153228	0.6676991	0.0547135	0.2605451	0.6719379	0.7244312	0.7441951
100.0	0.4666095	0.4511078	0.8026225	0.5260445	0.5010313	0.0049656	0.3382582	0.7039131	0.6302155	0.7165135
150.0	0.2536035	0.3785132	0.8302501	0.4069169	0.3619933	0.0018238	0.5213052	0.6761976	0.7067202	0.6283813
200.0	0.2208255	0.4589335	0.5617230	0.4209566	0.2772999	0.0050604	0.4980194	0.6846213	0.7359912	0.7347127
250.0	0.1731898	0.5363456	0.5986892	0.4269356	0.3059434	0.0000000	0.4779268	0.6682180	0.8438427	0.7548450
300.0	0.0839269	0.4867287	0.6951766	0.4348759	0.4166579	0.0008128	0.5533641	0.6279706	0.7049180	0.7643248
350.0	0.0819336	0.5344316	0.7558510	0.3719602	0.3569144	0.0021149	0.5454638	0.7784196	0.5931118	0.6625452
400.0	0.1383715	0.5342045	0.7234956	0.4331448	0.3410077	0.0045912	0.5492718	0.7321419	0.7157909	0.7154377
450.0	0.1406981	0.5613535	0.6935609	0.3229258	0.3062343	0.0024807	0.5879963	0.6510095	0.7429989	0.9195539
500.0	0.1040662	0.5214053	0.6075969	0.3770614	0.2653602	0.0097834	0.4723995	0.7384869	0.6727628	0.8974874
550.0	0.1482449	0.3295195	0.2524939	0.4976080	0.4016352	0.2175140	0.3818060	0.6248151	0.7077697	0.7103603
600.0	0.1580255	0.2224649	0.2838245	0.5202097	0.5149204	0.2065279	0.2864829	0.5971917	0.8499153	0.6488469
650.0	0.2471858	0.2481481	0.3760222	0.6384507	0.5986994	0.2447022	0.3083637	0.5965408	0.7094135	0.7529024
700.0	0.2083761	0.3157673	0.4503585	0.6079688	0.6165069	0.2497602	0.2064386	0.6831261	0.5833323	0.7092157
750.0	0.3248987	0.2991065	0.4953523	0.5928709	0.7173052	0.2021067	0.1758729	0.6868844	0.7290777	0.7777224
800.0	0.3762784	0.4269386	0.5664334	0.5446926	0.7188406	0.2682669	0.2531306	0.6466288	0.6489941	0.7497142
850.0	0.3493271	0.3421725	0.4019056	0.6669623	0.6155268	0.2694023	0.2320185	0.6536692	0.8482687	0.5092190
900.0	0.3495900	0.3300094	0.4646423	0.6175802	0.6294141	0.1984135	0.1866882	0.6614563	0.8341271	0.7389340
950.0	0.2598805	0.3781386	0.4413683	0.4658781	0.6778898	0.2826555	0.1871052	0.7406940	0.8412317	0.7838473
1000.0	0.3292579	0.3737563	0.5007463	0.5620513	0.6798557	0.2811664	0.2795934	0.7256188	0.6658837	0.7534587
0.0	0.4622768	0.2739902	0.5049955	0.6249459	0.5980661	0.2090449	0.2192776	0.6377902	0.5971471	0.5649679
50.0	0.3917300	0.2667275	0.5050707	0.4744217	0.4445317	0.1085587	0.2144239	0.6511738	0.6236274	0.2355631
100.0	0.3381173	0.3391996	0.4047053	0.4764002	0.4995945	0.0440034	0.1774869	0.7384922	0.7835681	0.0833484
150.0	0.3917937	0.3249506	0.3693871	0.5983055	0.5968445	0.1184832	0.2435374	0.5978243	0.6952587	0.0403769
200.0	0.5015985	0.4161926	0.2320298	0.5028434	0.5502551	0.0607406	0.2384169	0.6504466	0.7701659	0.0595733
250.0	0.3461782	0.4715159	0.2626559	0.5798283	0.5436646	0.1064820	0.1596687	0.6592695	0.7296266	0.0607981
300.0	0.3599945	0.5617206	0.2072139	0.3796762	0.6098090	0.0997197	0.2197562	0.7405029	0.6910795	0.0444378
350.0	0.3496215	0.5719320	0.2292481	0.6265456	0.6983064	0.0168772	0.2248515	0.7556657	0.8214512	0.0676567
400.0	0.3969050	0.6267968	0.1904602	0.5306555	0.6397052	0.0312366	0.2961576	0.6560485	0.9165796	0.0440650
450.0	0.3631305	0.5449865	0.1162820	0.4922938	0.6621243	0.0170739	0.2475676	0.7967832	0.6698806	0.0656790
500.0	0.3139469	0.5754393	0.0973208	0.6399764	0.7845733	0.0172957	0.2697793	0.6521313	0.5648576	0.0786705
550.0	0.3176896	0.5533341	0.1543823	0.6072403	0.6890868	0.1381619	0.2455261	0.7693894	0.8387348	0.5432584
600.0	0.2775773	0.5390372	0.2397729	0.5623406	0.7910078	0.2286686	0.2251280	0.9348780	0.6545315	0.6569043
650.0	0.3415106	0.5323634	0.3521119	0.5853218	0.7917597	0.2073935	0.2006727	0.7701258	0.7454259	0.6581175
700.0	0.3215824	0.4358656	0.3302148	0.5298032	0.5817015	0.2543697	0.1482648	0.9323727	0.5879291	0.6016777
750.0	0.3628697	0.3821083	0.3419698	0.6312700	0.7618947	0.1767671	0.2099795	0.6740742	0.7277143	0.6278609
800.0	0.4539075	0.5263671	0.4563644	0.4650163	0.8306083	0.1406848	0.3137276	0.6891096	0.9006821	0.7225885
850.0	0.3326342	0.4640227	0.4073395	0.5377108	0.5569501	0.1837112	0.2163986	0.7007968	0.8086392	0.7315596
900.0	0.2950343	0.3605294	0.3781474	0.5273168	0.7527701	0.3376283	0.3034038	0.6621310	0.6025562	0.7422260
950.0	0.3866577	0.3092494	0.4807790	0.5225298	0.6549243	0.2105299	0.2486793	0.6631811	0.6292445	0.7648059
1000.0	0.3795422	0.3172896	0.5527289	0.5469508	0.5011731	0.1652408	0.2428173	0.5530976	0.7751473	0.7161819
0.0	0.4154775	0.2397169	0.4959669	0.5857348	0.7159132	0.2492899	0.2134736	0.5831228	0.6744936	0.7201893
50.0	0.3998052	0.2252860	0.4772804	0.4340595	0.2991923	0.0780607	0.2373410	0.6571817	0.6670840	0.5411725
100.0	0.4228158	0.2216793	0.4691466	0.4788728	0.1905752	0.0370747	0.2910859	0.7543102	0.6734133	0.5677904
150.0	0.2796698	0.4219183	0.3066927	0.5896497	0.2483347	0.0342564	0.3250989	0.6136467	0.8646771	0.6147728
200.0	0.2601166	0.4339671	0.3372230	0.4785458	0.1921919	0.0157752	0.3999873	0.7977978	0.7954159	0.7332679
250.0	0.2210326	0.4571579	0.2474588	0.5321029	0.2669531	0.0137025	0.5092015	0.6534619	0.7628979	0.8036094
300.0	0.1495203	0.4771082	0.1182074	0.4430145	0.2717975	0.0185902	0.4619693	0.6907217	0.6915134	0.7784938
350.0	0.1732128	0.5082440	0.1164832	0.5402285	0.2548700	0.0297369	0.5190388	0.6414852	0.6617624	0.7923966
400.0	0.0825579	0.4902959	0.0704105	0.5916108	0.1894726	0.0127410	0.5457448	0.6433934	0.7588571	0.6711555
450.0	0.1796919	0.5261913	0.0318369	0.5148511	0.1856623	0.0186152	0.4045781	0.6723430	0.6668932	0.5738433
500.0	0.1373466	0.3662405	0.0345195	0.5708156	0.2419308	0.0410638	0.4869037	0.7803673	0.7375738	0.5606448
550.0	0.1292964	0.3948572	0.1118931	0.5300614	0.5497361	0.1463700	0.5243733	0.7676792	0.7473611	0.7279286
600.0	0.1438038	0.4326265	0.3727391	0.6493050	0.7127043	0.2223647	0.2778267	0.7045326	0.8560382	0.7265287
650.0	0.1448828	0.3623404	0.4109848	0.6655606	0.6580266	0.2054626	0.3540231	0.6928945	0.8424522	0.8574016
700.0	0.1593869	0.4086572	0.3989827	0.5629326	0.7517694	0.2469109	0.2321264	0.6440414	0.9100941	0.7076795
750.0	0.2722693	0.3675928	0.5976305	0.5533842	0.5435349	0.1459306	0.2148203	0.6328140	0.6182821	0.6092727
800.0	0.2936389	0.3810624	0.4583762	0.5565289	0.6009212	0.1968859	0.2275673	0.6545913	0.9551114	0.6907856
850.0	0.2817484	0.3494646	0.4464442	0.5047424	0.5979325	0.2106636	0.2192280	0.7125327	0.7902754	0.6939599
900.0	0.3490528	0.3210237	0.4244093	0.5851851	0.4682077	0.2318231	0.2271304	0.6537432	0.7057026	0.6938187
950.0	0.4882586	0.3672320	0.4899888	0.4662241	0.6365590	0.2631575	0.3144062	0.7866398	0.6795116	0.7100374
1000.0	0.3559940	0.2780319	0.4882910	0.4615893	0.6982929	0.2285201	0.2426274	0.6139216	0.7335369	0.6613777
